ply
format ascii 1.0
comment Created by Blender 2.78 (sub 0) - www.blender.org, source file: 'Monster.blend'
element vertex 98
property float x
property float y
property float z
property float nx
property float ny
property float nz
property float s
property float t
element face 48
property list uchar uint vertex_indices
end_header
-0.058676 -0.469173 0.278436 -1.000000 0.000000 0.000000 0.588144 0.784385
-0.058676 -0.422630 0.153281 -1.000000 0.000000 0.000000 1.101932 0.270596
-0.058676 -0.487847 0.163916 -1.000000 0.000000 0.000000 0.588144 0.270596
-0.058676 -0.403956 0.267802 0.000000 0.986966 -0.160932 0.188905 0.784385
0.058676 -0.422630 0.153281 0.000000 0.986966 -0.160932 0.702693 0.270596
-0.058676 -0.422630 0.153281 0.000000 0.986966 -0.160932 0.188905 0.270596
0.058676 -0.403956 0.267802 1.000000 0.000000 -0.000000 0.588144 0.784385
0.058676 -0.487847 0.163916 1.000000 0.000000 -0.000000 0.074356 0.270596
0.058676 -0.422630 0.153281 1.000000 0.000000 -0.000000 0.588144 0.270596
0.058676 -0.469173 0.278436 0.000000 -0.986966 0.160932 0.188905 0.784385
-0.058676 -0.487847 0.163916 0.000000 -0.986966 0.160932 -0.324883 0.270596
0.058676 -0.487847 0.163916 0.000000 -0.986966 0.160932 0.188905 0.270596
0.058676 -0.422630 0.153281 0.000000 -0.160932 -0.986965 0.702693 0.614382
-0.058676 -0.487847 0.163916 0.000000 -0.160932 -0.986965 0.188905 0.100594
-0.058676 -0.422630 0.153281 0.000000 -0.160932 -0.986965 0.188905 0.614382
-0.058676 -0.403956 0.267802 0.000000 0.160932 0.986965 -0.324883 0.614382
0.058676 -0.469173 0.278436 0.000000 0.160932 0.986965 0.188905 0.100594
0.058676 -0.403956 0.267802 0.000000 0.160932 0.986965 0.188905 0.614382
-0.185696 -0.467033 0.278108 -0.994136 -0.000000 0.108132 0.588144 0.784385
-0.197984 -0.424770 0.165132 -0.994136 -0.000000 0.108132 1.101932 0.270596
-0.196940 -0.483988 0.174731 -0.994136 -0.000000 0.108132 0.588144 0.270596
-0.197984 -0.424770 0.165132 -0.017402 0.986965 -0.159988 0.188905 0.270596
-0.080807 -0.407815 0.256986 -0.017402 0.986965 -0.159988 0.702693 0.784385
-0.092051 -0.424770 0.153610 -0.017402 0.986965 -0.159988 0.702693 0.270596
-0.092051 -0.424770 0.153610 0.994137 0.000000 -0.108132 0.588144 0.270596
-0.079763 -0.467033 0.266586 0.994137 0.000000 -0.108132 0.074356 0.784385
-0.091007 -0.483988 0.163209 0.994137 0.000000 -0.108132 0.074356 0.270596
-0.079763 -0.467033 0.266586 0.017402 -0.986965 0.159988 0.188905 0.784385
-0.196940 -0.483988 0.174731 0.017402 -0.986965 0.159988 -0.324883 0.270596
-0.091007 -0.483988 0.163209 0.017402 -0.986965 0.159988 0.188905 0.270596
-0.197984 -0.424770 0.165132 -0.106723 -0.160932 -0.981178 0.188905 0.614382
-0.091007 -0.483988 0.163209 -0.106723 -0.160932 -0.981178 0.702693 0.100594
-0.196940 -0.483988 0.174731 -0.106723 -0.160932 -0.981178 0.188905 0.100594
-0.186740 -0.407815 0.268509 0.106723 0.160932 0.981178 -0.324883 0.614382
-0.079763 -0.467033 0.266586 0.106723 0.160932 0.981178 0.188905 0.100594
-0.080807 -0.407815 0.256986 0.106723 0.160932 0.981178 0.188905 0.614382
-0.352222 -0.467033 0.272680 -1.000000 0.000000 0.000000 0.588144 0.784385
-0.352222 -0.424770 0.159038 -1.000000 0.000000 0.000000 1.101932 0.270596
-0.352222 -0.483988 0.168694 -1.000000 0.000000 0.000000 0.588144 0.270596
-0.352222 -0.407815 0.263024 0.000000 0.986965 -0.160932 0.188905 0.784385
-0.245665 -0.424770 0.159038 0.000000 0.986965 -0.160932 0.702693 0.270596
-0.352222 -0.424770 0.159038 0.000000 0.986965 -0.160932 0.188905 0.270596
-0.245665 -0.407815 0.263024 1.000000 0.000000 -0.000000 0.588144 0.784385
-0.245665 -0.483988 0.168694 1.000000 0.000000 -0.000000 0.074356 0.270596
-0.245665 -0.424770 0.159038 1.000000 0.000000 -0.000000 0.588144 0.270596
-0.245665 -0.467033 0.272680 0.000000 -0.986965 0.160932 0.188905 0.784385
-0.352222 -0.483988 0.168694 0.000000 -0.986965 0.160932 -0.324883 0.270596
-0.245665 -0.483988 0.168694 0.000000 -0.986965 0.160932 0.188905 0.270596
-0.245665 -0.424770 0.159038 0.000000 -0.160932 -0.986965 0.702693 0.614382
-0.352222 -0.483988 0.168694 0.000000 -0.160932 -0.986965 0.188905 0.100594
-0.352222 -0.424770 0.159038 0.000000 -0.160932 -0.986965 0.188905 0.614382
-0.352222 -0.407815 0.263024 0.000000 0.160932 0.986965 -0.324883 0.614382
-0.245665 -0.467033 0.272680 0.000000 0.160932 0.986965 0.188905 0.100594
-0.245665 -0.407815 0.263024 0.000000 0.160932 0.986965 0.188905 0.614382
0.229716 -0.467033 0.272680 -1.000000 0.000000 0.000000 0.588144 0.784385
0.229716 -0.424770 0.159038 -1.000000 0.000000 0.000000 1.101932 0.270596
0.229716 -0.483988 0.168694 -1.000000 0.000000 0.000000 0.588144 0.270596
0.229716 -0.407815 0.263024 0.000000 0.986965 -0.160932 0.188905 0.784385
0.336274 -0.424770 0.159038 0.000000 0.986965 -0.160932 0.702693 0.270596
0.229716 -0.424770 0.159038 0.000000 0.986965 -0.160932 0.188905 0.270596
0.336274 -0.407815 0.263024 1.000000 0.000000 -0.000000 0.588144 0.784385
0.336274 -0.483988 0.168694 1.000000 0.000000 -0.000000 0.074356 0.270596
0.336274 -0.424770 0.159038 1.000000 0.000000 -0.000000 0.588144 0.270596
0.336274 -0.467033 0.272680 0.000000 -0.986965 0.160932 0.188905 0.784385
0.229716 -0.483988 0.168694 0.000000 -0.986965 0.160932 -0.324883 0.270596
0.336274 -0.483988 0.168694 0.000000 -0.986965 0.160932 0.188905 0.270596
0.336274 -0.424770 0.159038 0.000000 -0.160932 -0.986966 0.702693 0.614382
0.229716 -0.483988 0.168694 0.000000 -0.160932 -0.986966 0.188905 0.100594
0.229716 -0.424770 0.159038 0.000000 -0.160932 -0.986966 0.188905 0.614382
0.229716 -0.407815 0.263024 0.000000 0.160932 0.986966 -0.324883 0.614382
0.336274 -0.467033 0.272680 0.000000 0.160932 0.986966 0.188905 0.100594
0.336274 -0.407815 0.263024 0.000000 0.160932 0.986966 0.188905 0.614382
-0.058676 -0.403956 0.267802 -1.000000 0.000000 0.000000 1.101932 0.784385
0.058676 -0.403956 0.267802 0.000000 0.986966 -0.160932 0.702693 0.784385
0.058676 -0.469173 0.278436 1.000000 -0.000000 0.000000 0.074356 0.784385
-0.058676 -0.469173 0.278436 0.000000 -0.986966 0.160932 -0.324883 0.784385
0.058676 -0.487847 0.163916 0.000000 -0.160932 -0.986965 0.702693 0.100594
-0.058676 -0.469173 0.278436 0.000000 0.160932 0.986965 -0.324883 0.100594
-0.186740 -0.407815 0.268509 -0.994136 0.000000 0.108132 1.101932 0.784385
-0.186740 -0.407815 0.268509 -0.017402 0.986965 -0.159988 0.188905 0.784385
-0.092051 -0.424770 0.153610 0.994136 0.000000 -0.108132 0.588144 0.270596
-0.080807 -0.407815 0.256986 0.994136 0.000000 -0.108132 0.588144 0.784385
-0.079763 -0.467033 0.266586 0.994136 0.000000 -0.108132 0.074356 0.784385
-0.185696 -0.467033 0.278108 0.017402 -0.986965 0.159988 -0.324883 0.784385
-0.092051 -0.424770 0.153610 -0.106723 -0.160932 -0.981178 0.702693 0.614382
-0.185696 -0.467033 0.278108 0.106723 0.160932 0.981178 -0.324883 0.100594
-0.352222 -0.407815 0.263024 -1.000000 0.000000 0.000000 1.101932 0.784385
-0.245665 -0.407815 0.263024 0.000000 0.986965 -0.160932 0.702693 0.784385
-0.245665 -0.467033 0.272680 1.000000 -0.000000 0.000000 0.074356 0.784385
-0.352222 -0.467033 0.272680 0.000000 -0.986965 0.160932 -0.324883 0.784385
-0.245665 -0.483988 0.168694 0.000000 -0.160932 -0.986965 0.702693 0.100594
-0.352222 -0.467033 0.272680 0.000000 0.160932 0.986965 -0.324883 0.100594
0.229716 -0.407815 0.263024 -1.000000 0.000000 0.000000 1.101932 0.784385
0.336274 -0.407815 0.263024 0.000000 0.986965 -0.160932 0.702693 0.784385
0.336274 -0.467033 0.272680 1.000000 -0.000000 0.000000 0.074356 0.784385
0.229716 -0.467033 0.272680 0.000000 -0.986965 0.160932 -0.324883 0.784385
0.336274 -0.483988 0.168694 0.000000 -0.160932 -0.986966 0.702693 0.100594
0.229716 -0.467033 0.272680 0.000000 0.160932 0.986966 -0.324883 0.100594
3 0 1 2
3 3 4 5
3 6 7 8
3 9 10 11
3 12 13 14
3 15 16 17
3 18 19 20
3 21 22 23
3 24 25 26
3 27 28 29
3 30 31 32
3 33 34 35
3 36 37 38
3 39 40 41
3 42 43 44
3 45 46 47
3 48 49 50
3 51 52 53
3 54 55 56
3 57 58 59
3 60 61 62
3 63 64 65
3 66 67 68
3 69 70 71
3 0 72 1
3 3 73 4
3 6 74 7
3 9 75 10
3 12 76 13
3 15 77 16
3 18 78 19
3 21 79 22
3 80 81 82
3 27 83 28
3 30 84 31
3 33 85 34
3 36 86 37
3 39 87 40
3 42 88 43
3 45 89 46
3 48 90 49
3 51 91 52
3 54 92 55
3 57 93 58
3 60 94 61
3 63 95 64
3 66 96 67
3 69 97 70
